664
1156
1350
1525
1683
1809
1923
2013
2095
2199
2323
2377
2430
2483
2544
2612
2683
2771
2852
2902
2969
3030
3091
3182
3237
3288
3365
3427
3478
3557
3637
3677
3740
3779
3849
3893
3958
4015
4086
4129
4168
4218
4265
4310
4341
4394
4443
4485
4530
4588
4631
4664
4704
4739
4780
4820
4854
4889
4927
4965
5013
5049
5084
5118
5149
5183
5210
5248
5280
5313
5343
5372
5401
5431
5460
5488
5528
5554
5588
5617
5645
5675
5710
5739
5768
5792
5825
5853
5879
5903
5930
5955
5985
6009
6035
6057
6083
6108
6134
6158
6183
6211
6237
6263
6289
6314
6340
6364
6387
6410
6433
6458
6481
6506
6530
6553
6576
6598
6621
6642
6665
6685
6707
6729
6751
6770
6792
6812
6834
6857
6878
6897
6918
6935
6954
6974
6993
7014
7032
7051
7069
7086
7103
7120
7137
7155
7172
7190
7208
7225
7242
7258
7275
7292
7309
7325
7344
7360
7377
7393
7412
7428
7446
7462
7479
7496
7512
7529
7545
7562
7578
7595
7611
7628
7644
7661
7677
7694
7710
7727
7743
7760
7776
7793
7809
7826
7842
7859
7875
7892
7908
7925
7941
7958
7974
7991
8007
8024
8040
8057
8073
8090
8106
8123
8139
8156
8172
8189
8205
8222
8238
8255
8271
8288
8304
8321
8337
8354
8370
8387
8403
8420
8436
8453
8469
8486
8502
8519
8535
8552
8568
8585
8601
8618
8634
8651
8667
8684
8700
8717
8733
8750
8766
8783
8799
8816
8832
8849
8865
8882
8898
8915
8931
8948
8964
8981
8997
9014
9030
9047
9063
9080
9096
9113
9129
9146
9162
9179
9195
9212
9228
9245
9261
9278
9294
9311
9327
9344
9360
9377
9393
9410
9426
9443
9459
9476
9492
9509
9525
9542
9558
9575
9591
9608
9624
9641
9657
9674
9690
9707
9723
9740
9756
9773
9789
9806
9822
9839
9855
9872
9888
9905
9921
9938
9954
9971
9987
10004
10020
10037
10053
10070
10086
10103
10119
10136
10152
10169
10185
10202
10218
10235
10251
10268
10284
10301
10317
10334
10350
10367
10383
10400
10416
10433
10449
10466
10482
10499
10515
10532
10548
10565
10581
10598
10614
10631
10647
10664
10680
10697
10713
10730
10746
10763
10779
10796
10812
10829
10845
10862
10878
10895
10911
10928
10944
10961
10977
10994
11010
11027
11043
11060
11076
11093
11109
11126
11142
11159
11175
11192
11208
11225
11241
11258
11274
11291
11307
11324
11340
11357
11373
11390
11406
11423
11439
11456
11472
11489
11505
11522
11538
11555
11571
11588
11604
11621
11637
11654
11670
11687
11703
11720
11736
11753
11769
11786
11802
11819
11835
11852
11868
11885
11901
11918
11934
11951
11967
11984
12000
12017
12033
12050
12066
12083
12099
12116
12132
12149
12165
12182
12198
12215
12231
12248
12264
12281
12297
12314
12330
12347
12363
12380
12396
12413
12429
12446
12462
12479
12495
12512
12528
12545
12561
12578
12594
12611
12627
12644
12660
12677
12693
12710
12726
12743
12759
12776
12792
12809
12825
12842
12858
12875
12891
12908
12924
12941
12957
12974
12990
13007
