580
1142
1515
1683
1829
1985
2053
2159
2230
2320
2408
2496
2565
2641
2722
2790
2859
2913
2972
3052
3135
3205
3263
3337
3380
3454
3522
3576
3635
3689
3754
3800
3827
3886
3932
3982
4020
4057
4086
4118
4148
4194
4239
4277
4320
4375
4404
4431
4479
4521
4554
4589
4624
4653
4682
4715
4743
4770
4795
4817
4863
4885
4911
4941
4983
5023
5053
5084
5104
5135
5162
5197
5225
5251
5292
5323
5351
5383
5407
5434
5452
5474
5500
5537
5560
5587
5606
5618
5641
5669
5688
5707
5729
5748
5770
5787
5803
5823
5847
5867
5881
5910
5938
5951
5969
5989
6006
6036
6054
6065
6079
6102
6115
6135
6149
6168
6182
6202
6220
6234
6254
6271
6288
6307
6333
6353
6366
6385
6410
6429
6446
6465
6486
6507
6531
6551
6568
6587
6602
6615
6626
6640
6653
6670
6683
6695
6707
6722
6737
6749
6760
6776
6789
6802
6820
6830
6841
6851
6866
6879
6889
6900
6909
6919
6929
6942
6952
6961
6972
6987
6999
7010
7020
7029
7041
7057
7066
7077
7088
7097
7106
7117
7127
7138
7149
7159
7169
7178
7189
7199
7210
7221
7230
7239
7249
7259
7269
7279
7290
7301
7310
7320
7329
7339
7350
7362
7371
7381
7392
7404
7412
7421
7430
7439
7448
7457
7466
7478
7488
7497
7508
7517
7527
7537
7546
7557
7566
7575
7585
7594
7604
7614
7625
7634
7647
7657
7667
7676
7687
7698
7709
7719
7728
7738
7748
7759
7768
7777
7787
7796
7805
7812
7820
7830
7838
7847
7856
7865
7873
7882
7890
7899
7907
7916
7924
7933
7940
7949
7957
7966
7974
7983
7992
8001
8009
8017
8026
8034
8043
8051
8060
8068
8077
8085
8094
8103
8111
8120
8128
8137
8145
8153
8162
8171
8180
8188
8196
8205
8214
8222
8231
8240
8249
8258
8267
8276
8284
8295
8303
8311
8320
8330
8339
8349
8358
8366
8376
8384
8393
8402
8412
8421
8429
8438
8448
8456
8466
8474
8482
8491
8499
8507
8517
8526
8535
8543
8552
8562
8570
8579
8589
8598
8607
8615
8623
8634
8642
8652
8660
8669
8677
8685
8693
8702
8711
8720
8728
8737
8746
8755
8764
8772
8779
8787
8795
8803
8813
8820
8829
8838
8847
8856
8865
8874
8882
8889
8898
8907
8915
8923
8932
8941
8950
8960
8969
8978
8987
8995
9005
9013
9021
9028
9036
9044
9052
9062
9069
9077
9084
9092
9100
9107
9115
9122
9129
9137
9144
9152
9159
9166
9174
9181
9189
9196
9203
9211
9218
9226
9233
9240
9248
9255
9263
9270
9277
9285
9292
9300
9307
9314
9322
9329
9337
9344
9351
9359
9366
9374
9381
9388
9396
9403
9411
9418
9425
9433
9440
9448
9455
9462
9470
9477
9485
9492
9499
9507
9514
9522
9529
9536
9544
9551
9559
9566
9573
9581
9588
9596
9603
9610
9618
9625
9633
9640
9647
9655
9662
9670
9677
9684
9692
9699
9707
9714
9721
9729
9736
9744
9751
9758
9766
9773
9781
9788
9795
9803
9810
9818
9825
9832
