561
1007
1226
1483
1751
1905
2000
2264
2418
2516
2683
2822
2981
3097
3243
3372
3481
3613
3732
3824
3927
4047
4175
4284
4427
4547
4654
4791
4976
5083
5257
5400
5514
5557
5655
5748
5891
5993
6106
6173
6330
6408
6506
6585
6689
6794
6866
6949
7115
7260
7382
7471
7576
7688
7821
7877
7953
8099
8200
8369
8493
8605
8750
8944
9046
9225
9347
9485
9586
9709
9797
9911
10036
10141
10253
10364
10438
10565
10664
10804
10919
11015
11148
11234
11309
11430
11556
11713
11879
11957
12034
12131
12210
12335
12456
12550
12638
12691
12758
12808
12879
12959
13078
13174
13262
13344
13448
13556
13640
13714
13802
13859
13933
13996
14060
14130
14247
14317
14407
14509
14562
14642
14711
14809
14900
15017
15107
15188
15245
15341
15405
15446
15513
15588
15629
15690
15785
15814
15887
15938
15991
16045
16095
16147
16296
16396
16449
16497
16609
16662
16757
16804
16899
16957
17073
17118
17186
17222
17306
17349
17407
17463
17526
17604
17661
17715
17761
17849
17902
17955
18000
18058
18107
18176
18229
18293
18352
18430
18492
18530
18578
18657
18698
18749
18801
18856
18901
18963
19012
19066
19112
19168
19223
19268
19340
19395
19444
19515
19573
19631
19721
19792
19837
19897
19950
19984
20028
20068
20108
20150
20182
20225
20258
20284
20317
20371
20412
20456
20509
20550
20642
20676
20711
20761
20822
20895
20941
20981
21030
21077
21122
21154
21195
21235
21281
21323
21370
21415
21460
21485
21512
21565
21607
21648
21696
21727
21758
21798
21831
21890
21925
21954
21992
22021
22055
22087
22120
22154
22184
22223
22263
22292
22319
22366
22391
22420
22465
22492
22521
22542
22569
22592
22656
22698
22748
22778
22803
22831
22871
22919
22966
23002
23031
23072
23100
23137
23183
23229
23281
23332
23363
23412
23443
23473
23507
23538
23571
23614
23640
23669
23691
23756
23798
23830
23862
23898
23919
23971
23990
24013
24042
24068
24090
24116
24145
24166
24184
24206
24226
24247
24272
24294
24310
24326
24340
24359
24374
24390
24408
24423
24439
24457
24474
24490
24505
24534
24551
24572
24587
24604
24623
24638
24662
24677
24693
24708
24719
24733
24748
24764
24782
24807
24826
24838
24853
24866
24881
24895
24919
24933
24953
24970
24990
25006
25020
25033
25044
25057
25071
25086
25103
25117
25131
25145
25163
25178
25192
25204
25218
25232
25246
25258
25272
25287
25302
25319
25330
25342
25354
25372
25385
25396
25410
25428
25444
25457
25469
25481
25493
25504
25518
25530
25542
25554
25566
25577
25592
25604
25620
25631
25643
25654
25667
25678
25690
25701
25723
25739
25753
25771
25810
25843
25864
25876
25907
25925
25938
25951
25964
25977
25990
26003
26014
26029
26042
26055
26068
26081
26097
26108
26121
26136
26150
26163
26181
26195
26211
26223
26235
26246
26257
26271
26285
26300
26320
26334
26347
26359
26371
26382
26396
26407
26419
26432
26446
26457
26469
26480
26490
26501
26512
26522
26535
26547
26564
26577
26588
26600
26612
26623
26634
26645
26660
26670
26682
26694
26706
26718
26732
26746
26757
26771
26782
26794
26804
26815
26826
26836
26847
26858
