646
1037
1352
1547
1684
1804
1945
2057
2122
2200
2262
2371
2437
2511
2578
2631
2706
2775
2825
2886
2956
3016
3067
3126
3212
3272
3320
3411
3480
3534
3581
3641
3706
3751
3830
3891
3953
4020
4072
4138
4192
4250
4283
4316
4357
4398
4438
4481
4540
4587
4635
4673
4724
4756
4796
4822
4869
4907
4935
4963
4992
5030
5067
5111
5138
5175
5204
5233
5265
5293
5328
5364
5391
5419
5448
5482
5508
5537
5565
5595
5621
5649
5675
5702
5727
5760
5783
5808
5839
5866
5895
5919
5943
5969
5993
6020
6045
6068
6093
6119
6143
6167
6195
6219
6242
6265
6290
6313
6335
6356
6382
6405
6426
6450
6471
6493
6512
6530
6554
6575
6594
6614
6632
6651
6671
6690
6707
6728
6746
6763
6779
6796
6813
6829
6845
6862
6878
6895
6911
6928
6944
6961
6977
6994
7011
7027
7044
7060
7077
7093
7110
7126
7143
7159
7176
7192
7209
7225
7242
7258
7275
7291
7308
7324
7341
7357
7374
7390
7407
7423
7440
7456
7473
7489
7506
7522
7539
7555
7572
7588
7605
7621
7638
7654
7671
7687
7704
7720
7737
7753
7770
7786
7803
7819
7836
7852
7869
7885
7902
7918
7935
7951
7968
7984
8001
8017
8034
8050
8067
8083
8100
8116
8133
8149
8166
8182
8199
8215
8232
8248
8265
8281
8298
8314
8331
8347
8364
8380
8397
8413
8430
8446
8463
8479
8496
8512
8529
8545
8562
8578
8595
8611
8628
8644
8661
8677
8694
8710
8727
8743
8760
8776
8793
8809
8826
8842
8859
8875
8892
8908
8925
8941
8958
8974
8991
9007
9024
9040
9057
9073
9090
9106
9123
9139
9156
9172
9189
9205
9222
9238
9255
9271
9288
9304
9321
9337
9354
9370
9387
9403
9420
9436
9453
9469
9486
9502
9519
9535
9552
9568
9585
9601
9618
9634
9651
9667
9684
9700
9717
9733
9750
9766
9783
9799
9816
9832
9849
9865
9882
9898
9915
9931
9948
9964
9981
9997
10014
10030
10047
10063
10080
10096
10113
10129
10146
10162
10179
10195
10212
10228
10245
10261
10278
10294
10311
10327
10344
10360
10377
10393
10410
10426
10443
10459
10476
10492
10509
10525
10542
10558
10575
10591
10608
10624
10641
10657
10674
10690
10707
10723
10740
10756
10773
10789
10806
10822
10839
10855
10872
10888
10905
10921
10938
10954
10971
10987
11004
11020
11037
11053
11070
11086
11103
11119
11136
11152
11169
11185
11202
11218
11235
11251
11268
11284
11301
11317
11334
11350
11367
11383
11400
11416
11433
11449
11466
11482
11499
11515
11532
11548
11565
11581
11598
11614
11631
11647
11664
11680
11697
11713
11730
11746
11763
11779
11796
11812
11829
11845
11862
11878
11895
11911
11928
11944
11961
11977
11994
12010
12027
12043
12060
12076
12093
12109
12126
12142
12159
12175
12192
12208
12225
12241
12258
12274
12291
12307
12324
12340
12357
12373
12390
12406
12423
12439
12456
12472
12489
12505
12522
12538
12555
12571
12588
12604
12621
12637
12654
12670
12687
12703
12720
12736
12753
12769
12786
12802
12819
12835
12852
12868
