875
1234
1373
1579
1727
1833
1947
2030
2099
2197
2275
2385
2452
2509
2602
2681
2764
2846
2916
2967
3024
3098
3184
3251
3308
3418
3486
3540
3617
3691
3741
3796
3864
3937
3986
4047
4101
4153
4226
4274
4352
4397
4434
4497
4564
4610
4653
4692
4741
4781
4822
4869
4917
4955
4993
5026
5064
5114
5166
5202
5247
5302
5333
5366
5403
5434
5485
5515
5546
5577
5609
5653
5681
5711
5743
5779
5810
5839
5877
5911
5943
5971
6008
6036
6075
6105
6135
6163
6194
6223
6250
6278
6307
6340
6365
6397
6423
6454
6486
6514
6540
6568
6595
6625
6655
6679
6704
6728
6753
6780
6805
6832
6858
6887
6918
6948
6974
6997
7022
7047
7074
7102
7126
7153
7176
7199
7224
7247
7268
7297
7323
7347
7368
7393
7423
7446
7470
7493
7515
7538
7569
7597
7621
7645
7668
7693
7714
7736
7758
7781
7802
7824
7843
7864
7887
7908
7932
7953
7976
8000
8020
8045
8069
8090
8115
8139
8162
8185
8210
8230
8250
8270
8291
8311
8338
8360
8380
8399
8420
8443
8463
8489
8510
8532
8551
8574
8595
8615
8635
8656
8676
8697
8717
8738
8758
8780
8802
8821
8840
8860
8879
8900
8918
8939
8957
8977
8996
9017
9038
9058
9077
9097
9115
9134
9154
9175
9195
9214
9236
9258
9280
9300
9319
9339
9359
9379
9399
9420
9438
9460
9481
9501
9520
9539
9558
9577
9595
9616
9636
9657
9676
9696
9717
9736
9756
9776
9796
9815
9834
9854
9873
9892
9912
9931
9950
9969
9988
10007
10026
10045
10063
10082
10101
10121
10140
10159
10178
10196
10215
10234
10252
10272
10291
10310
10329
10347
10366
10385
10404
10423
10442
10461
10482
10501
10521
10540
10560
10578
10598
10617
10637
10654
10673
10692
10711
10730
10747
10767
10786
10804
10823
10842
10861
10880
10899
10918
10937
10956
10974
10994
11013
11032
11050
11069
11088
11106
11125
11144
11163
11181
11201
11220
11239
11258
11278
11296
11314
11334
11353
11372
11390
11409
11428
11447
11466
11486
11504
11524
11542
11561
11580
11598
11616
11635
11654
11674
11693
11712
11731
11750
11768
11787
11806
11825
11844
11862
11881
11900
11917
11936
11956
11973
11992
12010
12028
12047
12066
12085
12104
12123
12143
12164
12183
12202
12222
12241
12259
12277
12296
12319
12341
12359
12378
12398
12417
12435
12454
12473
12495
12514
12533
12552
12571
12589
12608
12627
12645
12664
12683
12704
12722
12740
12758
12776
12794
12811
12828
12848
12865
12884
12902
12920
12938
12957
12975
12993
13011
13029
13046
13064
13081
13099
13117
13135
13153
13171
13189
13206
13225
13243
13261
13279
13298
13317
13333
13350
13368
13385
13403
13421
13440
13458
13476
13494
13512
13530
13548
13566
13584
13601
13619
13637
13655
13673
13691
13709
13731
13752
13769
13786
13804
13821
13839
13856
13874
13891
13909
13927
13944
13962
13979
13996
14014
14031
14049
14067
14084
14102
14121
14139
14157
14175
14193
14211
14230
14248
14265
14282
14299
14317
14335
14353
14370
14388
14406
14424
14443
14461
14478
14496
